Beam_1_ 0 20.4267 135.405 2765.8773135
Beam_1_ 1 13.2289 128.61 1701.368829
Beam_1_ 2 9.48763 112.05 1063.0889415
Beam_1_ 3 7.15734 66.195 473.7801213
Beam_1_ 4 6.22427 59.445 370.00173015
Beam_1_ 5 5.67795 8.9 50.533755
Beam_1_ 6 5.79725 5.955 34.52262375
Beam_2_ 0 33.1435 137.36 4552.59116
Beam_2_ 1 7.08019 40.25 284.9776475
Beam_2_ 2 12.1306 20.785 252.134521
Beam_2_ 3 5.14526 43.87 225.7225562
Beam_2_ 4 9.27739 45.24 419.7091236
Beam_2_ 5 9.96593 19.19 191.2461967
Beam_2_ 6 5.20246 91.825 477.7158895
Beam_2_ 7 10.9322 37.84 413.674448
Beam_2_ 8 14.1225 6.095 86.0766375
Beam_3_ 0 22.3928 127.545 2856.089676
Beam_3_ 1 9.15334 118.825 1087.6456255
Beam_3_ 2 5.82308 104.2 606.764936
Beam_3_ 3 5.85371 103.68 606.9126528
Beam_3_ 4 8.81907 113.58 1001.6699706
Beam_3_ 5 6.76845 29.465 199.43237925
Beam_3_ 6 5.18955 66.27 343.9114785
Beam_4_ 0 28.6645 140.265 4020.6260925
Beam_4_ 1 8.02658 113.34 909.7325772
Beam_4_ 2 6.15039 69.19 425.5454841
Beam_4_ 3 6.76686 73.445 496.9920327
Beam_4_ 4 8.14863 32.38 263.8526394
Beam_4_ 5 6.14855 12.31 75.6886505
Beam_4_ 6 5.29917 11.985 63.51055245
Beam_4_ 7 5.85354 17.31 101.3247774
Beam_4_ 8 5.16606 5.925 30.6089055
Beam_4_ 9 7.21249 43.565 314.21212685
Beam_4_ 10 7.56319 67.85 513.1624415
Beam_5_ 0 26.3974 124.245 3279.744963
Beam_5_ 1 5.53362 121.285 671.1451017
Beam_5_ 2 10.2533 110.885 1136.9371705
Beam_5_ 3 5.19259 78.67 408.5010553
Beam_5_ 4 7.60246 49.99 380.0469754
Beam_5_ 5 8.02066 95.595 766.7349927
Beam_1_ 0 20.4267 135.405 2765.8773135
Beam_1_ 1 13.2289 128.61 1701.368829
Beam_1_ 2 9.48763 112.05 1063.0889415
Beam_1_ 3 7.15734 66.195 473.7801213
Beam_1_ 4 6.22427 59.445 370.00173015
Beam_1_ 5 5.67795 8.9 50.533755
Beam_1_ 6 5.79725 5.955 34.52262375
Beam_2_ 0 33.1435 137.36 4552.59116
Beam_2_ 1 7.08019 40.25 284.9776475
Beam_2_ 2 12.1306 20.785 252.134521
Beam_2_ 3 5.14526 43.87 225.7225562
Beam_2_ 4 9.27739 45.24 419.7091236
Beam_2_ 5 9.96593 19.19 191.2461967
Beam_2_ 6 5.20246 91.825 477.7158895
Beam_2_ 7 10.9322 37.84 413.674448
Beam_2_ 8 14.1225 6.095 86.0766375
Beam_3_ 0 22.3928 127.545 2856.089676
Beam_3_ 1 9.15334 118.825 1087.6456255
Beam_3_ 2 5.82308 104.2 606.764936
Beam_3_ 3 5.85371 103.68 606.9126528
Beam_3_ 4 8.81907 113.58 1001.6699706
Beam_3_ 5 6.76845 29.465 199.43237925
Beam_3_ 6 5.18955 66.27 343.9114785
Beam_4_ 0 28.6645 140.265 4020.6260925
Beam_4_ 1 8.02658 113.34 909.7325772
Beam_4_ 2 6.15039 69.19 425.5454841
Beam_4_ 3 6.76686 73.445 496.9920327
Beam_4_ 4 8.14863 32.38 263.8526394
Beam_4_ 5 6.14855 12.31 75.6886505
Beam_4_ 6 5.29917 11.985 63.51055245
Beam_4_ 7 5.85354 17.31 101.3247774
Beam_4_ 8 5.16606 5.925 30.6089055
Beam_4_ 9 7.21249 43.565 314.21212685
Beam_4_ 10 7.56319 67.85 513.1624415
Beam_5_ 0 26.3974 124.245 3279.744963
Beam_5_ 1 5.53362 121.285 671.1451017
Beam_5_ 2 10.2533 110.885 1136.9371705
Beam_5_ 3 5.19259 78.67 408.5010553
Beam_5_ 4 7.60246 49.99 380.0469754
Beam_5_ 5 8.02066 95.595 766.7349927
Beam_1_ 0 20.4267 135.405 2765.8773135
Beam_1_ 1 13.2289 128.61 1701.368829
Beam_1_ 2 9.48763 112.05 1063.0889415
Beam_1_ 3 7.15734 66.195 473.7801213
Beam_1_ 4 6.22427 59.445 370.00173015
Beam_1_ 5 5.67795 8.9 50.533755
Beam_1_ 6 5.79725 5.955 34.52262375
Beam_2_ 0 33.1435 137.36 4552.59116
Beam_2_ 1 7.08019 40.25 284.9776475
Beam_2_ 2 12.1306 20.785 252.134521
Beam_2_ 3 5.14526 43.87 225.7225562
Beam_2_ 4 9.27739 45.24 419.7091236
Beam_2_ 5 9.96593 19.19 191.2461967
Beam_2_ 6 5.20246 91.825 477.7158895
Beam_2_ 7 10.9322 37.84 413.674448
Beam_2_ 8 14.1225 6.095 86.0766375
Beam_3_ 0 22.3928 127.545 2856.089676
Beam_3_ 1 9.15334 118.825 1087.6456255
Beam_3_ 2 5.82308 104.2 606.764936
Beam_3_ 3 5.85371 103.68 606.9126528
Beam_3_ 4 8.81907 113.58 1001.6699706
Beam_3_ 5 6.76845 29.465 199.43237925
Beam_3_ 6 5.18955 66.27 343.9114785
Beam_4_ 0 28.6645 140.265 4020.6260925
Beam_4_ 1 8.02658 113.34 909.7325772
Beam_4_ 2 6.15039 69.19 425.5454841
Beam_4_ 3 6.76686 73.445 496.9920327
Beam_4_ 4 8.14863 32.38 263.8526394
Beam_4_ 5 6.14855 12.31 75.6886505
Beam_4_ 6 5.29917 11.985 63.51055245
Beam_4_ 7 5.85354 17.31 101.3247774
Beam_4_ 8 5.16606 5.925 30.6089055
Beam_4_ 9 7.21249 43.565 314.21212685
Beam_4_ 10 7.56319 67.85 513.1624415
Beam_5_ 0 26.3974 124.245 3279.744963
Beam_5_ 1 5.53362 121.285 671.1451017
Beam_5_ 2 10.2533 110.885 1136.9371705
Beam_5_ 3 5.19259 78.67 408.5010553
Beam_5_ 4 7.60246 49.99 380.0469754
Beam_5_ 5 8.02066 95.595 766.7349927
Beam_1_ 0 20.4267 135.405 2765.8773135
Beam_1_ 1 13.2289 128.61 1701.368829
Beam_1_ 2 9.48763 112.05 1063.0889415
Beam_1_ 3 7.15734 66.195 473.7801213
Beam_1_ 4 6.22427 59.445 370.00173015
Beam_1_ 5 5.67795 8.9 50.533755
Beam_1_ 6 5.79725 5.955 34.52262375
Beam_2_ 0 33.1435 137.36 4552.59116
Beam_2_ 1 7.08019 40.25 284.9776475
Beam_2_ 2 12.1306 20.785 252.134521
Beam_2_ 3 5.14526 43.87 225.7225562
Beam_2_ 4 9.27739 45.24 419.7091236
Beam_2_ 5 9.96593 19.19 191.2461967
Beam_2_ 6 5.20246 91.825 477.7158895
Beam_2_ 7 10.9322 37.84 413.674448
Beam_2_ 8 14.1225 6.095 86.0766375
Beam_3_ 0 22.3928 127.545 2856.089676
Beam_3_ 1 9.15334 118.825 1087.6456255
Beam_3_ 2 5.82308 104.2 606.764936
Beam_3_ 3 5.85371 103.68 606.9126528
Beam_3_ 4 8.81907 113.58 1001.6699706
Beam_3_ 5 6.76845 29.465 199.43237925
Beam_3_ 6 5.18955 66.27 343.9114785
Beam_4_ 0 28.6645 140.265 4020.6260925
Beam_4_ 1 8.02658 113.34 909.7325772
Beam_4_ 2 6.15039 69.19 425.5454841
Beam_4_ 3 6.76686 73.445 496.9920327
Beam_4_ 4 8.14863 32.38 263.8526394
Beam_4_ 5 6.14855 12.31 75.6886505
Beam_4_ 6 5.29917 11.985 63.51055245
Beam_4_ 7 5.85354 17.31 101.3247774
Beam_4_ 8 5.16606 5.925 30.6089055
Beam_4_ 9 7.21249 43.565 314.21212685
Beam_4_ 10 7.56319 67.85 513.1624415
Beam_5_ 0 26.3974 124.245 3279.744963
Beam_5_ 1 5.53362 121.285 671.1451017
Beam_5_ 2 10.2533 110.885 1136.9371705
Beam_5_ 3 5.19259 78.67 408.5010553
Beam_5_ 4 7.60246 49.99 380.0469754
Beam_5_ 5 8.02066 95.595 766.7349927
