Beam_1_ 0 19.4915 108.6 2116.7769
Beam_1_ 1 16.4764 133.81 2204.707084
Beam_1_ 2 14.0118 126.225 1768.639455
Beam_1_ 3 11.8542 98.74 1170.483708
Beam_1_ 4 10.0331 105.76 1061.100656
Beam_1_ 5 8.76342 101.09 885.8941278
Beam_1_ 6 2.84266 87.08 247.5388328
Beam_1_ 7 5.43378 77.9 423.291462
Beam_1_ 8 10.038 69.74 700.05012
Beam_1_ 9 5.58504 70.75 395.14158
Beam_1_ 10 3.03396 66.895 202.9567542
Beam_1_ 11 7.61051 65.795 500.73350545
Beam_1_ 12 5.6119 64.275 360.7048725
Beam_1_ 13 2.02226 58.18 117.6550868
Beam_1_ 14 6.43322 59.95 385.671539
Beam_1_ 15 2.6135 58.055 151.7267425
Beam_1_ 16 0.853608 66.165 56.47897332
Beam_1_ 17 4.57815 79.515 364.03159725
Beam_1_ 18 2.99622 87.275 261.4951005
Beam_1_ 19 5.49676 79.065 434.6013294
Beam_1_ 20 9.81891 76.89 754.9759899
Beam_1_ 21 4.3945 71.325 313.4377125
Beam_1_ 22 2.1218 69.11 146.637598
Beam_1_ 23 3.19729 95.07 303.9663603
Beam_1_ 24 0.884108 97.12 85.86456896
Beam_1_ 25 0.796128 76.43 60.84806304
Beam_1_ 26 3.26962 86.675 283.3943135
Beam_1_ 27 0.603985 86.675 52.350399875
Beam_1_ 28 0.460929 89.845 41.412166005
Beam_1_ 29 1.50477 70.53 106.1314281
Beam_1_ 30 2.1336 75.57 161.236152
Beam_1_ 31 2.88506 91.965 265.3245429
Beam_1_ 32 10.0334 87.735 880.280349
Beam_1_ 33 9.2262 103.47 954.634914
Beam_1_ 34 10.6459 118.24 1258.771216
Beam_1_ 35 12.2927 134.205 1649.7418035
Beam_1_ 36 11.8774 140.475 1668.477765
Beam_1_ 37 10.0401 119.15 1196.277915
Beam_1_ 38 7.6495 74.2 567.5929
Beam_1_ 39 0.609951 50.955 31.080053205
Beam_1_ 40 0.436635 38.915 16.991651025
Beam_1_ 41 3.81385 61.14 233.178789
Beam_1_ 42 0.512984 64.805 33.24392812
Beam_1_ 43 0.614273 45.365 27.866494645
Beam_1_ 44 10.18 50.51 514.1918
Beam_1_ 45 10.1292 73.485 744.344262
Beam_1_ 46 6.45536 83.615 539.7649264
Beam_1_ 47 7.22473 108.67 785.1114091
Beam_1_ 48 5.7076 124.19 708.826844
Beam_1_ 49 3.78965 111.675 423.20916375
Beam_1_ 50 0.826355 90.83 75.05782465
Beam_1_ 51 0.473727 81.285 38.506899195
Beam_1_ 52 3.57772 86.915 310.9575338
Beam_1_ 53 2.08695 101.6 212.03412
Beam_1_ 54 0.969256 104.08 100.88016448
Beam_1_ 55 2.43355 97.445 237.13727975
Beam_1_ 56 0.499393 92.555 46.221319115
Beam_1_ 57 0.456995 84.27 38.51096865
Beam_1_ 58 0.47157 64.97 30.6379029
Beam_1_ 59 4.80597 66.44 319.3086468
Beam_1_ 60 1.95154 56.965 111.1694761
Beam_1_ 61 6.87973 56.04 385.5400692
Beam_1_ 62 10.0607 62.585 629.6489095
Beam_1_ 63 11.4088 53.31 608.203128
Beam_1_ 64 10.5717 37.84 400.033128
Beam_1_ 65 10.0496 23.025 231.39204
Beam_1_ 66 7.21882 22.305 161.0157801
Beam_1_ 67 3.41196 30.68 104.6789328
Beam_1_ 68 10.0193 30.82 308.794826
Beam_1_ 69 10.0036 39.11 391.240796
Beam_1_ 70 0.467936 39.885 18.66362736
Beam_1_ 71 9.98345 43.8 437.27511
Beam_1_ 72 2.83306 40.04 113.4357224
Beam_1_ 73 0.460413 40.21 18.51320673
Beam_1_ 74 0.448665 30.515 13.691012475
Beam_1_ 75 0.446954 31.215 13.95166911
Beam_1_ 76 0.449026 42.315 19.00053519
Beam_1_ 77 7.02526 58.67 412.1720042
Beam_1_ 78 10.033 71.625 718.613625
Beam_1_ 79 11.585 88.34 1023.4189
Beam_1_ 80 0 91.735 0.0
Beam_1_2_ 0 8.93253 75.145 671.23496685
Beam_1_2_ 1 8.95502 69.27 620.3142354
Beam_1_2_ 2 0.871988 57.985 50.56222418
Beam_1_2_ 3 0.539711 39.355 21.240326405
Beam_1_2_ 4 8.81123 40.715 358.74922945
Beam_1_2_ 5 9.19794 46.1 424.025034
Beam_1_2_ 6 7.12997 48.615 346.62349155
Beam_1_2_ 7 10.0509 41.13 413.393517
Beam_1_2_ 8 10.0869 45.15 455.423535
Beam_1_2_ 9 5.00797 47.115 235.95050655
Beam_1_2_ 10 4.83968 40.3 195.039104
Beam_1_2_ 11 5.26578 45.9 241.699302
Beam_1_2_ 12 7.51351 37.485 281.64392235
Beam_1_2_ 13 4.6659 38.42 179.263878
Beam_1_2_ 14 2.39679 36.775 88.14195225
Beam_1_2_ 15 2.05114 49.455 101.4391287
Beam_1_2_ 16 4.92135 62.995 310.02044325
Beam_1_2_ 17 3.76654 65.985 248.5351419
Beam_1_2_ 18 6.81303 65.785 448.19517855
Beam_1_2_ 19 9.482 67.01 635.38882
Beam_1_2_ 20 2.38895 70.035 167.31011325
Beam_1_2_ 21 10.1411 49.125 498.1815375
Beam_1_2_ 22 8.14352 28.965 235.8770568
Beam_1_2_ 23 2.7209 30.265 82.3480385
Beam_1_2_ 24 10.1564 31.785 322.821174
Beam_1_2_ 25 10.1552 23.73 240.982896
Beam_1_2_ 26 1.86747 25.44 47.5084368
Beam_1_2_ 27 2.93441 20.655 60.61023855
Beam_1_2_ 28 10.1522 27.49 279.083978
Beam_1_2_ 29 7.93735 31.01 246.1372235
Beam_1_2_ 30 2.57935 35.865 92.50838775
Beam_1_2_ 31 4.14262 50.735 210.1758257
Beam_1_2_ 32 0.933997 66.76 62.35363972
Beam_1_2_ 33 1.98773 60.95 121.1521435
Beam_1_2_ 34 5.97566 46.235 276.2846401
Beam_1_2_ 35 0.440222 27.805 12.24037271
Beam_1_2_ 36 0.437015 36.935 16.141149025
Beam_1_2_ 37 9.96318 70.145 698.8672611
Beam_1_2_ 38 0.438631 82.82 36.32741942
Beam_1_2_ 39 0.4393 38.995 17.1305035
Beam_1_2_ 40 10.1634 36.325 369.185505
Beam_1_2_ 41 11.6485 54.485 634.6685225
Beam_1_2_ 42 11.0875 51.32 569.0105
Beam_1_2_ 43 9.69197 55.965 542.41110105
Beam_1_2_ 44 6.42453 89.145 572.71472685
Beam_1_2_ 45 3.76063 95.9 360.644417
Beam_1_2_ 46 4.93779 98.475 486.24887025
Beam_1_2_ 47 1.0081 98.155 98.9500555
Beam_1_2_ 48 0.946447 86.58 81.94338126
Beam_1_2_ 49 2.02805 77.13 156.4234965
Beam_1_2_ 50 0.995586 57.87 57.61456182
Beam_1_2_ 51 0.514557 65.49 33.69833793
Beam_1_2_ 52 2.11168 63.205 133.4687344
Beam_1_2_ 53 2.92209 77.54 226.5788586
Beam_1_2_ 54 1.30426 66.985 87.3658561
Beam_1_2_ 55 0.893897 44.31 39.60857607
Beam_1_2_ 56 1.64815 44.11 72.6998965
Beam_1_2_ 57 2.49767 33.45 83.5470615
Beam_1_2_ 58 0.598706 44.7 26.7621582
Beam_1_2_ 59 0.51656 42.9 22.160424
Beam_1_2_ 60 1.78032 47.32 84.2447424
Beam_1_2_ 61 0.578825 49.94 28.9065205
Beam_1_2_ 62 0.734543 34.375 25.249915625
Beam_1_2_ 63 0.881123 36.33 32.01119859
Beam_1_2_ 64 5.6088 38.955 218.490804
Beam_1_2_ 65 10.1347 62.11 629.466217
Beam_1_2_ 66 4.07524 46.46 189.3356504
Beam_1_2_ 67 10.16 46.495 472.3892
Beam_1_2_ 68 0.55918 53.395 29.8574161
Beam_1_2_ 69 0.44999 34.51 15.5291549
Beam_1_2_ 70 0.450303 18.91 8.51522973
Beam_1_2_ 71 0.460891 23.05 10.62353755
Beam_1_2_ 72 5.09879 21.065 107.40601135
Beam_1_2_ 73 0.958 18.085 17.32543
Beam_1_2_ 74 0.453457 9.985 4.527768145
Beam_1_2_ 75 0.445576 7.04 3.13685504
Beam_1_2_ 76 0.457065 7.735 3.535397775
Beam_1_2_ 77 0.452862 21.23 9.61426026
Beam_1_2_ 78 7.3247 28.33 207.508751
Beam_1_2_ 79 10.0004 43.235 432.367294
Beam_1_2_ 80 0 60.41 0.0
